x	y	x8	y8	x2	y2	x1	y1	x3	y3	x4	y4	x6	y6	x7	y7	x5	y5
0	0.15411356	21.96513471	50.08690618	4.302694136	84.91657016	0	0.154113557	11.10142631	82.91309392	14.35816165	114.9687139	18.37559429	89.23174977	20.65768621	102.023175	17.47226624	133.0000001
0.02377179	0.77056779	21.9889065	49.6245655	4.326465927	84.91657016	0.023771791	0.770567787	11.1251981	82.91309392	14.38193344	115.1228274	18.39936608	89.07763621	20.681458	102.023175	17.49603803	133.0000001
0.04754358	1.54113557	22.01267829	48.39165704	4.350237718	84.91657016	0.047543582	1.541135575	11.14896989	82.91309392	14.40570523	115.1228274	18.42313787	89.07763621	20.70522979	102.023175	17.51980982	133.0000001
0.07131537	2.00347625	22.03645008	48.08342993	4.374009508	84.91657016	0.071315372	2.003476247	11.17274168	82.91309392	14.42947702	115.1228274	18.44690967	88.92352266	20.72900158	102.023175	17.54358162	133.0000001
0.09508716	2.46581692	22.06022187	47.92931637	4.397781299	84.45422949	0.095087163	2.465816919	11.19651347	82.91309392	14.45324881	115.1228274	18.47068146	88.92352266	20.75277337	102.023175	17.56735341	133.0000001
0.11885895	2.77404403	22.08399366	47.62108926	4.42155309	83.99188882	0.118858954	2.774044034	11.22028526	82.91309392	14.4770206	115.1228274	18.49445325	88.7694091	20.77654516	102.023175	17.5911252	133.0000001
0.14263074	3.08227115	22.10776545	47.15874858	4.445324881	83.37543459	0.142630745	3.082271149	11.24405705	82.91309392	14.50079239	114.9687139	18.51822504	88.7694091	20.80031696	102.023175	17.61489699	133.0000001
0.16640254	3.39049826	22.13153724	46.3881808	4.469096672	82.6048668	0.166402536	3.390498264	11.26782884	82.91309392	14.52456418	114.9687139	18.54199683	88.7694091	20.82408875	102.023175	17.63866878	132.8458865
0.19017433	3.54461182	22.15530903	45.92584012	4.492868462	82.29663969	0.190174326	3.544611822	11.29160063	82.75898036	14.54833597	114.9687139	18.56576862	88.7694091	20.84786054	101.8690615	17.66244057	132.8458865
0.21394612	3.85283894	22.17908082	45.61761301	4.516640253	81.83429901	0.213946117	3.852838937	11.31537242	82.75898036	14.57210776	114.8146003	18.58954041	88.7694091	20.87163233	101.8690615	17.68621236	132.5376594
0.23771791	4.16106605	22.20285261	45.46349945	4.540412044	81.5260719	0.237717908	4.161066052	11.33914421	82.6048668	14.59587956	114.8146003	18.6133122	88.7694091	20.89540412	101.7149479	17.70998415	131.9212052
0.2614897	4.77752028	22.2266244	45.30938589	4.564183835	81.06373123	0.261489699	4.777520281	11.36291601	82.45075324	14.61965135	114.6604868	18.63708399	88.7694091	20.91917591	101.5608344	17.73375594	131.304751
0.28526149	6.01042874	22.25039619	45.00115878	4.587955626	79.21436854	0.28526149	6.010428741	11.3866878	82.45075324	14.64342314	114.6604868	18.66085578	88.7694091	20.9429477	101.5608344	17.75752773	130.8424103
0.30903328	6.93511009	22.27416799	44.84704522	4.611727416	78.75202786	0.30903328	6.935110086	11.41045959	82.29663969	14.66719493	114.5063732	18.68462757	88.7694091	20.96671949	101.4067208	17.78129952	130.3800696
0.33280507	7.70567787	22.29793978	44.69293166	4.635499207	78.28968719	0.332805071	7.705677873	11.43423138	82.29663969	14.69096672	114.3522596	18.70839936	88.92352266	20.99049128	101.2526073	17.80507131	129.7636154
0.35657686	8.16801855	22.32171157	44.38470455	4.659270998	77.82734652	0.356576862	8.168018546	11.45800317	82.29663969	14.71473851	114.1981461	18.73217116	88.92352266	21.01426307	101.0984937	17.8288431	123.290846
0.38034865	8.63035922	22.34548336	44.23059099	4.683042789	77.5191194	0.380348653	8.630359218	11.48177496	82.29663969	14.7385103	114.0440325	18.75594295	89.07763621	21.03803486	101.0984937	17.8526149	117.8968715
0.40412044	8.93858633	22.36925515	43.92236388	4.70681458	77.36500585	0.404120444	8.938586333	11.50554675	82.29663969	14.76228209	113.7358054	18.77971474	89.23174977	21.06180665	100.7902666	17.87638669	116.8180766
0.42789223	9.24681345	22.39302694	43.61413676	4.73058637	77.05677873	0.427892235	9.246813448	11.52931854	82.29663969	14.78605388	112.9652376	18.80348653	89.23174977	21.08557845	100.636153	17.90015848	112.9652376
0.45166403	9.55504056	22.41679873	43.30590965	4.754358161	76.90266518	0.451664025	9.555040563	11.55309033	82.29663969	14.80982567	112.1946698	18.82725832	89.38586333	21.10935024	100.4820395	17.92393027	112.0405563
0.47543582	9.86326768	22.44057052	42.68945542	4.778129952	76.59443806	0.475435816	9.863267678	11.57686212	82.29663969	14.83359746	111.5782156	18.85103011	89.53997689	21.13312203	100.0196988	17.94770206	111.424102
0.49920761	10.4797219	22.46434231	42.07300119	4.801901743	76.13209739	0.499207607	10.47972191	11.60063391	82.29663969	14.85736925	111.1158749	18.8748019	89.53997689	21.15689382	99.40324457	17.97147385	110.6535343
0.5229794	11.0961761	22.4881141	41.91888763	4.825673534	75.82387027	0.522979398	11.09617614	11.6244057	82.45075324	14.88114104	110.8076478	18.89857369	89.69409044	21.18066561	98.78679034	17.99524564	107.7253767
0.54675119	11.7126304	22.51188589	41.61066052	4.849445324	75.51564316	0.546751189	11.71263037	11.6481775	82.6048668	14.90491284	110.4994207	18.92234548	89.848204	21.2044374	98.17033611	18.01901743	107.263036
0.57052298	12.4831982	22.53565768	41.45654696	4.873217115	75.3615296	0.570522979	12.48319815	11.67194929	82.75898036	14.92868463	110.03708	18.94611727	89.848204	21.22820919	97.70799543	18.04278922	105.4136733
0.59429477	13.0996524	22.55942948	41.3024334	4.896988906	75.05330249	0.59429477	13.09965238	11.69572108	82.91309392	14.95245642	109.7288529	18.96988906	90.00231756	21.25198098	97.24565476	18.06656101	104.7972191
0.61806656	13.5619931	22.58320127	41.14831984	4.920760697	74.74507537	0.618066561	13.56199306	11.71949287	83.06720747	14.97622821	109.1123987	18.99366085	90.15643112	21.27575277	96.62920053	18.0903328	103.1019699
0.64183835	13.8702202	22.60697306	40.99420629	4.944532488	73.82039403	0.641838352	13.87022017	11.74326466	83.22132103	15	107.8794902	19.01743265	90.31054467	21.29952456	95.08806496	18.11410459	102.7937428
0.66561014	14.1784473	22.63074485	40.68597917	4.968304279	73.04982624	0.665610143	14.17844729	11.76703645	83.37543459	15.02377179	107.7253767	19.04120444	90.46465823	21.32329635	94.47161073	18.13787639	102.4855157
0.68938193	14.4866744	22.65451664	40.53186561	4.992076069	72.74159912	0.689381933	14.4866744	11.79080824	83.52954815	15.04754358	107.4171496	19.06497623	90.61877179	21.34706814	89.69409044	18.16164818	95.55040563
0.71315372	14.7949015	22.67828843	40.06952494	5.01584786	72.27925845	0.713153724	14.79490152	11.81458003	83.6836617	15.07131537	107.263036	19.08874802	90.77288535	21.37083993	88.92352266	18.18541997	95.08806496
0.73692551	16.6442642	22.70206022	39.60718427	5.039619651	71.81691778	0.736925515	16.64426421	11.83835182	83.83777526	15.09508716	107.1089224	19.11251981	90.9269989	21.39461173	87.22827353	18.20919176	93.39281582
0.76069731	16.9524913	22.72583201	39.45307071	5.063391442	71.35457711	0.760697306	16.95249132	11.86212361	83.99188882	15.11885895	106.8006953	19.1362916	91.08111246	21.41838352	86.92004641	18.23296355	92.77636159
0.7844691	17.1066049	22.7496038	39.29895715	5.087163233	70.89223643	0.784469097	17.10660488	11.8858954	84.14600238	15.14263074	106.4924682	19.16006339	91.23522602	21.44215531	86.45770574	18.25673534	90.9269989
0.80824089	17.414832	22.77337559	39.1448436	5.110935023	70.58400932	0.808240887	17.41483199	11.90966719	84.30011593	15.16640253	106.1842411	19.18383518	91.38933958	21.4659271	85.99536507	18.28050713	90.61877179
0.83201268	17.7230591	22.79714738	38.99073004	5.134706814	70.42989576	0.832012678	17.72305911	11.93343898	84.45422949	15.19017433	105.7219004	19.20760697	91.54345313	21.48969889	85.68713795	18.30427892	90.15643112
0.85578447	19.7265354	22.82091917	38.83661648	5.158478605	70.2757822	0.855784469	19.72653536	11.95721078	84.60834305	15.21394612	105.1054462	19.23137876	91.85168025	21.51347068	85.53302439	18.32805071	89.69409044
0.87955626	20.4971031	22.84469096	38.68250292	5.182250396	70.12166865	0.87955626	20.49710314	11.98098257	85.07068372	15.23771791	104.7972191	19.25515055	92.00579381	21.53724247	85.22479728	18.3518225	89.38586333
0.90332805	20.9594438	22.86846276	38.52838937	5.206022187	69.96755509	0.903328051	20.95944382	12.00475436	85.37891084	15.2614897	104.6431055	19.27892234	92.31402092	21.56101426	85.07068372		
0.92709984	21.575898	22.89223455	38.37427581	5.229793977	69.81344153	0.927099841	21.57589805	12.02852615	85.53302439	15.28526149	104.3348784	19.30269413	92.62224804	21.58478605	84.76245661		
0.95087163	22.0382387	22.91600634	38.22016225	5.253565768	69.65932797	0.950871632	22.03823872	12.05229794	85.84125151	15.30903328	104.0266513	19.32646593	92.93047515	21.60855784	84.30011593		
0.97464342	22.3464658	22.93977813	38.06604869	5.277337559	69.50521442	0.974643423	22.34646583	12.07606973	85.99536507	15.33280507	103.7184242	19.35023772	93.23870227	21.63232963	83.6836617		
0.99841521	22.8088065	22.96354992	37.91193514	5.30110935	69.1969873	0.998415214	22.8088065	12.09984152	86.14947862	15.35657686	103.2560835	19.37400951	93.54692938	21.65610142	83.37543459		
1.022187	23.2711472	22.98732171	37.75782158	5.324881141	69.04287374	1.022187005	23.27114718	12.12361331	86.30359218	15.38034865	102.9478564	19.3977813	93.70104294	21.67987322	82.6048668		
1.0459588	23.7334878	23.0110935	37.60370802	5.348652931	68.88876019	1.045958795	23.73348785	12.1473851	86.30359218	15.40412044	102.6396293	19.42155309	93.8551565	21.70364501	66.26882971		
1.06973059	24.3499421	23.03486529	37.44959446	5.372424722	68.73464663	1.069730586	24.34994208	12.17115689	86.6118193	15.42789223	102.4855157	19.44532488	94.16338361	21.7274168	65.65237548		
1.09350238	24.9663963	23.05863708	37.29548091	5.396196513	68.73464663	1.093502377	24.96639631	12.19492868	86.6118193	15.45166402	102.3314022	19.46909667	94.31749717	21.75118859	59.17960607		
1.11727417	25.428737	23.08240887	37.14136735	5.419968304	68.58053307	1.117274168	25.42873698	12.21870047	86.92004641	15.47543581	102.3314022	19.49286846	94.47161073	21.77496038	57.94669761		
1.14104596	26.0451912	23.10618066	36.98725379	5.443740095	68.42641951	1.141045959	26.04519121	12.24247227	87.22827353	15.49920761	102.1772886	19.51664025	94.62572428	21.79873217	57.02201626		
1.16481775	26.6616454	23.12995245	36.98725379	5.467511885	68.27230596	1.16481775	26.66164544	12.26624406	87.53650064	15.5229794	102.023175	19.54041204	94.77983784	21.82250396	56.25144847		
1.18858954	27.1239861	23.15372425	36.98725379	5.491283676	68.1181924	1.18858954	27.12398611	12.29001585	87.99884131	15.54675119	102.023175	19.56418383	94.9339514	21.84627575	55.7891078		
1.21236133	27.7404403	23.17749604	36.98725379	5.515055467	67.80996528	1.212361331	27.74044034	12.31378764	88.46118199	15.57052298	101.8690615	19.58795562	95.24217851	21.87004754	55.32676713		
1.23613312	28.0486675	23.20126783	36.83314023	5.538827258	67.65585173	1.236133122	28.04866746	12.33755943	88.61529554	15.59429477	101.8690615	19.61172742	95.39629207	21.89381933	54.86442646		
1.25990491	28.3568946	23.22503962	36.83314023	5.562599049	67.50173817	1.259904913	28.35689457	12.36133122	88.92352266	15.61806656	101.7149479	19.63549921	95.70451919	21.91759112	52.24449598		
1.2836767	28.6651217	23.24881141	36.67902668	5.586370839	67.34762461	1.283676704	28.66512169	12.38510301	89.07763621	15.64183835	101.7149479	19.659271	96.16685986	21.94136291	51.78215531		
1.30744849	28.8192352	23.2725832	36.67902668	5.61014263	67.34762461	1.307448494	28.81923525	12.4088748	89.23174977	15.66561014	102.023175	19.68304279	96.47508697				
1.33122029	29.1274624	23.29635499	36.52491312	5.633914421	67.19351105	1.331220285	29.12746236	12.43264659	89.38586333	15.68938193	102.1772886	19.70681458	96.78331409				
1.35499208	29.589803	23.32012678	36.37079956	5.657686212	67.0393975	1.354992076	29.58980303	12.45641838	89.69409044	15.71315372	102.3314022	19.73058637	97.24565476				
1.37876387	30.0521437	23.34389857	36.216686	5.681458003	67.0393975	1.378763867	30.05214371	12.48019017	90.00231756	15.73692551	102.6396293	19.75435816	97.55388188				
1.40253566	30.9768251	23.36767036	36.06257245	5.705229794	66.88528394	1.402535658	30.97682505	12.50396196	90.46465823	15.7606973	103.2560835	19.77812995	97.86210899				
1.42630745	31.9015064	23.39144215	36.06257245	5.729001584	66.88528394	1.426307448	31.9015064	12.52773375	90.9269989	15.7844691	103.8725377	19.80190174	98.01622255				
1.45007924	32.6720742	23.41521394	35.75434533	5.752773375	66.88528394	1.450079239	32.67207418	12.55150555	91.23522602	15.80824089	104.1807648	19.82567353	98.32444966				
1.47385103	33.2885284	23.43898574	35.60023177	5.776545166	66.88528394	1.47385103	33.28852841	12.57527734	91.54345313	15.83201268	104.488992	19.84944532	98.47856322				
1.49762282	33.5967555	23.46275753	35.44611822	5.800316957	67.0393975	1.497622821	33.59675553	12.59904913	91.69756669	15.85578447	104.7972191	19.87321711	98.63267678				
1.52139461	34.0590962	23.48652932	35.29200466	5.824088748	67.0393975	1.521394612	34.0590962	12.62282092	91.85168025	15.87955626	105.1054462	19.8969889	98.78679034				
1.5451664	34.3673233	23.51030111	35.1378911	5.847860538	67.19351105	1.545166402	34.36732331	12.64659271	92.31402092	15.90332805	105.2595597	19.9207607	98.94090389				
1.56893819	34.6755504	23.5340729	34.82966399	5.871632329	67.19351105	1.568938193	34.67555043	12.6703645	92.77636159	15.92709984	105.5677869	19.94453249	99.09501745				
1.59270998	35.1378911	23.55784469	34.67555043	5.89540412	67.34762461	1.592709984	35.1378911	12.69413629	93.23870227	15.95087163	105.7219004	19.96830428	99.24913101				
1.61648177	36.0625724	23.58161648	34.21320976	5.919175911	67.34762461	1.616481775	36.06257245	12.71790808	93.70104294	15.97464342	106.1842411	19.99207607	99.40324457				
1.64025357	37.1413673	23.60538827	33.75086908	5.942947702	67.34762461	1.640253566	37.14136735	12.74167987	94.00927005	15.99841521	107.4171496	20.01584786	99.40324457				
1.66402536	37.603708	23.62916006	33.59675553	5.966719492	67.50173817	1.664025356	37.60370802	12.76545166	94.31749717	16.022187	108.3418309	20.03961965	99.55735812				
1.68779715	38.0660487	23.65293185	33.44264197	5.990491283	67.50173817	1.687797147	38.06604869	12.78922345	94.47161073	16.04595879	108.9582851	20.06339144	99.71147168				
1.71156894	38.3742758	23.67670364	33.28852841	6.014263074	67.50173817	1.711568938	38.37427581	12.81299524	94.77983784	16.06973059	109.2665122	20.08716323	99.71147168				
1.73534073	38.6825029	23.70047543	33.13441486	6.038034865	67.50173817	1.735340729	38.68250292	12.83676704	95.08806496	16.09350238	109.5747394	20.11093502	99.86558524				
1.75911252	39.2989572	23.72424722	32.9803013	6.061806656	67.65585173	1.75911252	39.29895715	12.86053883	95.39629207	16.11727417	111.8864427	20.13470681	100.0196988				
1.78288431	40.0695249	23.74801902	32.82618774	6.085578446	67.65585173	1.78288431	40.06952494	12.88431062	95.55040563	16.14104596	112.5028969	20.1584786	100.1738124				
1.8066561	40.8400927	23.77179081	32.67207418	6.109350237	67.65585173	1.806656101	40.84009273	12.90808241	95.85863274	16.16481775	112.8111241	20.18225039	100.3279259				
1.83042789	41.3024334	23.7955626	32.36384707	6.133122028	67.65585173	1.830427892	41.3024334	12.9318542	96.32097342	16.18858954	112.9652376	20.20602219	100.4820395				
1.85419968	41.7647741	23.81933439	32.05561995	6.156893819	67.65585173	1.854199683	41.76477407	12.95562599	97.39976832	16.21236133	113.4275783	20.22979398	100.636153				
1.87797147	42.3812283	23.84310618	31.59327928	6.18066561	67.65585173	1.877971474	42.3812283	12.97939778	98.17033611	16.23613312	113.7358054	20.25356577	100.7902666				
1.90174326	42.9976825	23.86687797	31.13093861	6.2044374	67.80996528	1.901743265	42.99768253	13.00316957	98.47856322	16.25990491	114.0440325	20.27733756	100.9443801				
1.92551506	43.4600232	23.89064976	30.97682505	6.228209191	67.96407884	1.925515055	43.46002321	13.02694136	98.78679034	16.2836767	114.5063732	20.30110935	100.9443801				
1.94928685	44.0764774	23.91442155	30.66859794	6.251980982	68.1181924	1.949286846	44.07647744	13.05071315	99.09501745	16.30744849	115.276941	20.32488114	101.0984937				
1.97305864	44.6929317	23.93819334	30.51448438	6.275752773	68.1181924	1.973058637	44.69293166	13.07448494	99.40324457	16.33122028	116.0475088	20.34865293	101.2526073				
1.99683043	45.1552723	23.96196513	30.36037082	6.299524564	68.27230596	1.996830428	45.15527234	13.09825673	99.55735812	16.35499207	116.3557359	20.37242472	101.2526073				
2.02060222	45.7717266	23.98573692	30.20625726	6.323296354	68.42641951	2.020602219	45.77172657	13.12202853	99.86558524	16.37876387	118.2050986	20.39619651	101.4067208				
2.04437401	46.2340672	24.00950871	30.05214371	6.347068145	68.42641951	2.044374009	46.23406724	13.14580032	100.3279259	16.40253566	118.8215528	20.4199683	101.4067208				
2.0681458	46.6964079	24.03328051	29.89803015	6.370839936	68.58053307	2.0681458	46.69640791	13.16957211	101.0984937	16.42630745	119.1297799	20.44374009	101.5608344				
2.09191759	47.1587486	24.0570523	29.74391659	6.394611727	68.73464663	2.091917591	47.15874858	13.1933439	101.7149479	16.45007924	119.7462342	20.46751188	101.7149479				
2.11568938	47.6210893	24.08082409	29.58980303	6.418383518	68.88876019	2.115689382	47.62108926	13.21711569	102.1772886	16.47385103	121.903824	20.49128368	101.7149479				
2.13946117	48.0834299	24.10459588	29.43568948	6.442155309	69.04287374	2.139461173	48.08342993	13.24088748	102.4855157	16.49762282	122.5202782	20.51505547	101.8690615				
2.16323296	48.5457706	24.12836767	29.28157592	6.465927099	69.04287374	2.163232963	48.5457706	13.26465927	102.7937428	16.52139461	122.9826189	20.53882726	101.8690615				
2.18700475	49.0081113	24.15213946	29.12746236	6.48969889	69.35110086	2.187004754	49.00811127	13.28843106	103.4101971	16.5451664	123.290846	20.56259905	101.8690615				
2.21077654	49.4704519	24.17591125	28.9733488	6.513470681	69.50521442	2.210776545	49.47045195	13.31220285	104.0266513	16.56893819	123.5990731	20.58637084	102.023175				
2.23454834	50.0869062	24.19968304	28.81923525	6.537242472	69.65932797	2.234548336	50.08690618	13.33597464	104.488992	16.59270998	123.9073002	20.61014263	102.023175				
2.25832013	50.5492468	24.22345483	28.66512169	6.561014263	69.81344153	2.258320127	50.54924685	13.35974643	104.6431055	16.61648177	124.2155273	20.63391442	102.023175				
2.28209192	51.0115875	24.24722662	28.51100813	6.584786053	69.96755509	2.282091917	51.01158752	13.38351822	104.9513326	16.64025356	124.5237544						
2.30586371	51.4739282	24.27099841	28.35689457	6.608557844	69.96755509	2.305863708	51.47392819	13.40729001	105.1054462	16.66402536	124.9860951						
2.3296355	51.9362689	24.2947702	28.20278102	6.632329635	70.2757822	2.329635499	51.93626887	13.43106181	105.4136733	16.68779715	125.4484358						
2.35340729	52.3986095	24.31854199	28.04866746	6.656101426	70.42989576	2.35340729	52.39860954	13.4548336	106.0301275	16.71156894	125.9107764						
2.37717908	52.8609502	24.34231379	27.8945539	6.679873217	70.73812288	2.377179081	52.86095021	13.47860539	106.4924682	16.73534073	126.6813442						
2.40095087	53.3232909	24.36608558	27.74044034	6.703645007	70.89223643	2.400950871	53.32329088	13.50237718	106.8006953	16.75911252	127.1436849						
2.42472266	53.7856316	24.38985737	27.58632679	6.727416798	71.35457711	2.424722662	53.78563156	13.52614897	107.1089224	16.78288431	127.451912						
2.44849445	54.2479722	24.41362916	27.43221323	6.751188589	71.81691778	2.448494453	54.24797223	13.54992076	107.4171496	16.8066561	127.7601391						
2.47226624	54.7103129	24.43740095	27.27809967	6.77496038	72.27925845	2.472266244	54.7103129	13.57369255	107.7253767	16.83042789	128.0683663						
2.49603803	55.3267671	24.46117274	26.96987256	6.798732171	72.58748557	2.496038035	55.32676713	13.59746434	108.4959445	16.85419968	128.3765934						
2.51980983	55.7891078	24.48494453	26.50753188	6.822503961	72.74159912	2.519809825	55.7891078	13.62123613	108.9582851	16.87797147	128.5307069						
2.54358162	56.2514485	24.50871632	26.04519121	6.846275752	72.89571268	2.543581616	56.25144847	13.64500792	109.2665122	16.90174326	128.838934						
2.56735341	56.7137891	24.53248811	25.89107765	6.870047543	73.2039398	2.567353407	56.71378915	13.66877971	109.4206258	16.92551505	128.9930476						
2.5911252	57.1761298	24.5562599	25.7369641	6.893819334	73.35805335	2.591125198	57.17612982	13.6925515	109.5747394	16.94928684	129.3012747						
2.61489699	57.6384705	24.58003169	25.7369641	6.917591125	73.66628047	2.614896989	57.63847049	13.7163233	109.7288529	16.97305864	129.4553883						
2.63866878	58.1008112	24.60380348	25.58285054	6.941362915	73.82039403	2.63866878	58.10081116	13.74009509	109.8829665	16.99683043	129.6095018						
2.66244057	58.4090383	24.62757528	25.58285054	6.965134706	74.2827347	2.66244057	58.40903828	13.76386688	110.03708	17.02060222	129.7636154						
2.68621236	58.871379	24.65134707	25.42873698	6.988906497	74.74507537	2.686212361	58.87137895	13.78763867	110.4994207	17.04437401	129.9177289						
2.70998415	59.1796061	24.67511886	25.42873698	7.012678288	75.05330249	2.709984152	59.17960607	13.81141046	110.8076478	17.0681458	130.2259561						
2.73375594	59.4878332	24.69889065	25.27462342	7.036450079	75.20741604	2.733755943	59.48783318	13.83518225	111.1158749	17.09191759	130.3800696						
2.75752773	59.7960603	24.72266244	25.12050987	7.060221869	75.3615296	2.757527734	59.7960603	13.85895404	111.2699885	17.11568938	130.6882967						
2.78129952	60.258401	24.74643423	24.96639631	7.08399366	75.82387027	2.781299524	60.25840097	13.88272583	111.5782156	17.13946117	131.1506374						
2.80507132	60.8748552	24.77020602	24.96639631	7.107765451	76.28621095	2.805071315	60.8748552	13.90649762	111.8864427	17.16323296	131.4588645						
2.82884311	61.9536501	24.79397781	24.65816919	7.131537242	76.59443806	2.828843106	61.9536501	13.93026941	112.0405563	17.18700475	131.6129781						
2.8526149	62.5701043	24.8177496	24.50405564	7.155309033	76.74855162	2.852614897	62.57010433	13.9540412	112.5028969	17.21077654	131.7670916						
2.87638669	63.032445	24.84152139	24.19582852	7.179080824	76.90266518	2.876386688	63.032445	13.97781299	112.8111241	17.23454833	131.9212052						
2.90015848	63.3406721	24.86529318	23.73348785	7.202852614	77.21089229	2.900158478	63.34067212	14.00158478	112.9652376	17.25832013	132.0753187						
2.92393027	63.8030128	24.88906497	23.27114718	7.226624405	77.98146008	2.923930269	63.80301279	14.02535658	113.1193512	17.28209192	132.2294323						
2.94770206	64.2653535	24.91283677	23.11703362	7.250396196	78.75202786	2.94770206	64.26535346	14.04912837	113.2734647	17.30586371	132.3835459						
2.97147385	64.5735806	24.93660856	23.11703362	7.274167987	79.21436854	2.971473851	64.57358058	14.07290016	113.4275783	17.3296355	132.5376594						
2.99524564	64.8818077	24.96038035	22.96292006	7.297939778	79.36848209	2.995245642	64.88180769	14.09667195	113.5816919	17.35340729	132.691773						
3.01901743	65.1900348	24.98415214	22.96292006	7.321711568	79.67670921	3.019017432	65.19003481	14.12044374	113.7358054	17.37717908	132.691773						
3.04278922	65.6523755	25.00792393	22.8088065	7.345483359	79.83082277	3.042789223	65.65237548	14.14421553	113.7358054	17.40095087	132.8458865						
3.06656101	66.1147162	25.03169572	22.65469295	7.36925515	80.13904988	3.066561014	66.11471615	14.16798732	113.889919	17.42472266	132.8458865						
3.0903328	66.5770568	25.05546751	22.50057939	7.393026941	80.29316344	3.090332805	66.57705682	14.19175911	114.1981461	17.44849445	132.8458865						
3.1141046	67.0393975	25.0792393	22.34646583	7.416798732	80.60139055	3.114104596	67.0393975	14.2155309	114.3522596								
3.13787639	67.3476246	25.10301109	22.19235227	7.440570522	80.90961767	3.137876386	67.34762461	14.23930269	114.5063732								
3.16164818	67.8099653	25.12678288	22.03823872	7.464342313	81.5260719	3.161648177	67.80996528	14.26307448	114.6604868								
3.18541997	67.9640788	25.15055467	21.88412516	7.488114104	82.14252613	3.185419968	67.96407884	14.28684627	114.6604868								
3.20919176	68.272306	25.17432646	21.88412516	7.511885895	82.29663969	3.209191759	68.27230596	14.31061807	114.8146003								
3.23296355	68.5805331	25.19809825	21.88412516	7.535657686	82.6048668	3.23296355	68.58053307	14.33438986	114.9687139								
3.25673534	68.8887602	25.22187005	21.7300116	7.559429476	82.75898036	3.25673534	68.88876019										
3.28050713	69.5052144	25.24564184	21.7300116	7.583201267	83.06720747	3.280507131	69.50521442										
3.30427892	70.2757822	25.26941363	21.7300116	7.606973058	83.6836617	3.304278922	70.2757822										
3.32805071	70.7381229	25.29318542	21.57589805	7.630744849	84.45422949	3.328050713	70.73812288										
3.3518225	71.2004635	25.31695721	21.42178449	7.65451664	84.91657016	3.351822504	71.20046355										
3.37559429	71.5086907	25.340729	21.42178449	7.67828843	85.22479728	3.375594295	71.50869066										
3.39936609	71.9710313	25.36450079	21.26767093	7.702060221	85.37891084	3.399366085	71.97103134										
3.42313788	72.2792585	25.38827258	21.11355737	7.725832012	85.84125151	3.423137876	72.27925845										
3.44690967	72.5874856	25.41204437	20.95944382	7.749603803	86.14947862	3.446909667	72.58748557										
3.47068146	72.8957127	25.43581616	20.95944382	7.773375594	86.6118193	3.470681458	72.89571268										
3.49445325	73.3580534	25.45958795	20.80533026	7.797147384	87.07415997	3.494453249	73.35805335										
3.51822504	73.6662805	25.48335974	20.80533026	7.820919175	87.38238708	3.518225039	73.66628047										
3.54199683	74.1286211	25.50713154	20.6512167	7.844690966	87.84472776	3.54199683	74.12862114										
3.56576862	74.4368483	25.53090333	20.6512167	7.868462757	88.30706843	3.565768621	74.43684826										
3.58954041	74.7450754	25.55467512	20.6512167	7.892234548	88.7694091	3.589540412	74.74507537										
3.6133122	75.5156432	25.57844691	20.49710314	7.916006339	89.07763621	3.613312203	75.51564316										
3.63708399	76.1320974	25.6022187	20.49710314	7.939778129	89.53997689	3.637083993	76.13209739										
3.66085578	76.2862109	25.62599049	20.49710314	7.96354992	90.00231756	3.660855784	76.28621095										
3.68462757	76.5944381	25.64976228	20.34298959	7.987321711	90.31054467	3.684627575	76.59443806										
3.70839937	76.7485516	25.67353407	20.34298959	8.011093502	90.77288535	3.708399366	76.74855162										
3.73217116	77.0567787	25.69730586	20.34298959	8.034865293	91.08111246	3.732171157	77.05677873										
3.75594295	77.3650058	25.72107765	20.18887603	8.058637083	91.54345313	3.755942947	77.36500585										
3.77971474	77.8273465	25.74484944	20.03476247	8.082408874	91.85168025	3.779714738	77.82734652										
3.80348653	78.1355736	25.76862123	20.03476247	8.106180665	92.31402092	3.803486529	78.13557363										
3.82725832	78.5979143	25.79239302	19.88064891	8.129952456	92.62224804	3.82725832	78.59791431										
3.85103011	78.9061414	25.81616482	19.72653536	8.153724247	92.93047515	3.851030111	78.90614142										
3.8748019	79.2143685	25.83993661	19.5724218	8.177496037	93.23870227	3.874801901	79.21436854										
3.89857369	79.5225957	25.8637084	19.5724218	8.201267828	93.39281582	3.898573692	79.52259565										
3.92234548	80.2931634	25.88748019	19.41830824	8.225039619	93.70104294	3.922345483	80.29316344										
3.94611727	80.6013906	25.91125198	19.26419468	8.24881141	93.8551565	3.946117274	80.60139055										
3.96988906	80.9096177	25.93502377	19.11008113	8.272583201	94.16338361	3.969889065	80.90961767										
3.99366086	81.2178448	25.95879556	19.11008113	8.296354991	94.47161073	3.993660855	81.21784478										
4.01743265	81.3719583	25.98256735	18.95596757	8.320126782	94.62572428	4.017432646	81.37195834										
4.04120444	81.5260719	26.00633914	18.80185401	8.343898573	94.77983784	4.041204437	81.5260719										
4.06497623	81.6801855	26.03011093	18.80185401	8.367670364	95.08806496	4.064976228	81.68018546										
4.08874802	81.9884126	26.05388272	18.80185401	8.391442155	95.24217851	4.088748019	81.98841257										
4.11251981	82.2966397	26.07765451	18.80185401	8.415213945	95.39629207	4.112519809	82.29663969										
4.1362916	82.6048668	26.10142631	18.64774045	8.438985736	95.55040563	4.1362916	82.6048668										
4.16006339	83.221321	26.1251981	18.64774045	8.462757527	95.70451919	4.160063391	83.22132103										
4.18383518	83.6836617	26.14896989	18.4936269	8.486529318	95.85863274	4.183835182	83.6836617										
4.20760697	83.9918888	26.17274168	18.33951334	8.510301109	96.0127463	4.207606973	83.99188882										
4.23137876	84.3001159	26.19651347	18.33951334	8.534072899	96.16685986	4.231378764	84.30011593										
4.25515055	84.4542295	26.22028526	18.18539978	8.55784469	96.32097342	4.255150554	84.45422949										
4.27892235	84.7624566	26.24405705	18.03128622	8.581616481	96.47508697	4.278922345	84.76245661										
4.30269414	84.9165702	26.26782884	18.03128622	8.605388272	96.62920053												
4.32646593	84.9165702	26.29160063	17.87717267	8.629160063	96.78331409												
4.35023772	84.9165702	26.31537242	17.72305911	8.652931854	96.78331409												
4.37400951	84.9165702	26.33914421	17.72305911	8.676703644	96.93742765												
4.3977813	84.4542295	26.362916	17.56894555	8.700475435	97.0915412												
4.42155309	83.9918888	26.3866878	17.41483199	8.724247226	97.0915412												
4.44532488	83.3754346	26.41045959	17.41483199	8.748019017	97.24565476												
4.46909667	82.6048668	26.43423138	17.26071844	8.771790808	97.24565476												
4.49286846	82.2966397	26.45800317	17.26071844	8.795562598	97.39976832												
4.51664025	81.834299	26.48177496	17.10660488	8.819334389	97.39976832												
4.54041204	81.5260719	26.50554675	16.95249132	8.84310618	97.39976832												
4.56418383	81.0637312	26.52931854	16.95249132	8.866877971	97.55388188												
4.58795563	79.2143685	26.55309033	16.79837776	8.890649762	97.55388188												
4.61172742	78.7520279	26.57686212	16.64426421	8.914421552	97.55388188												
4.63549921	78.2896872	26.60063391	16.64426421	8.938193343	97.70799543												
4.659271	77.8273465	26.6244057	16.49015065	8.961965134	97.70799543												
4.68304279	77.5191194	26.64817749	16.33603709	8.985736925	97.70799543												
4.70681458	77.3650058	26.67194928	16.18192353	9.009508716	97.70799543												
4.73058637	77.0567787	26.69572108	15.87369642	9.033280506	97.70799543												
4.75435816	76.9026652	26.71949287	15.71958286	9.057052297	97.86210899												
4.77812995	76.5944381	26.74326466	15.41135575	9.080824088	97.86210899												
4.80190174	76.1320974	26.76703645	15.25724219	9.104595879	97.86210899												
4.82567353	75.8238703	26.79080824	15.25724219	9.12836767	97.86210899												
4.84944532	75.5156432	26.81458003	15.10312863	9.15213946	97.86210899												
4.87321712	75.3615296	26.83835182	15.10312863	9.175911251	97.70799543												
4.89698891	75.0533025	26.86212361	14.94901507	9.199683042	97.70799543												
4.9207607	74.7450754	26.8858954	14.79490152	9.223454833	97.70799543												
4.94453249	73.820394	26.90966719	14.64078796	9.247226624	97.55388188												
4.96830428	73.0498262	26.93343898	14.4866744	9.270998414	97.55388188												
4.99207607	72.7415991	26.95721077	14.33256084	9.294770205	97.39976832												
5.01584786	72.2792585	26.98098257	14.17844729	9.318541996	97.24565476												
5.03961965	71.8169178	27.00475436	14.02433373	9.342313787	97.0915412												
5.06339144	71.3545771	27.02852615	13.71610661	9.366085578	97.0915412												
5.08716323	70.8922364	27.05229794	13.56199306	9.389857369	96.93742765												
5.11093502	70.5840093	27.07606973	13.25376594	9.413629159	96.78331409												
5.13470681	70.4298958	27.09984152	13.09965238	9.43740095	96.78331409												
5.1584786	70.2757822	27.12361331	13.09965238	9.461172741	96.62920053												
5.1822504	70.1216686	27.1473851	12.94553883	9.484944532	96.47508697												
5.20602219	69.9675551	27.17115689	12.79142527	9.508716323	96.47508697												
5.22979398	69.8134415	27.19492868	12.79142527	9.532488113	96.32097342												
5.25356577	69.659328	27.21870047	12.63731171	9.556259904	96.16685986												
5.27733756	69.5052144	27.24247226	12.63731171	9.580031695	96.0127463												
5.30110935	69.1969873	27.26624405	12.48319815	9.603803486	95.85863274												
5.32488114	69.0428737	27.29001585	12.48319815	9.627575277	95.55040563												
5.34865293	68.8887602	27.31378764	12.3290846	9.651347067	95.39629207												
5.37242472	68.7346466	27.33755943	12.17497104	9.675118858	95.08806496												
5.39619651	68.7346466	27.36133122	11.86674392	9.698890649	94.77983784												
5.4199683	68.5805331	27.38510301	11.71263037	9.72266244	94.62572428												
5.44374009	68.4264195	27.4088748	11.40440325	9.746434231	94.47161073												
5.46751189	68.272306	27.43264659	11.25028969	9.770206021	94.16338361												
5.49128368	68.1181924	27.45641838	11.09617614	9.793977812	93.8551565												
5.51505547	67.8099653	27.48019017	11.09617614	9.817749603	93.54692938												
5.53882726	67.6558517	27.50396196	10.94206258	9.841521394	93.23870227												
5.56259905	67.5017382	27.52773375	10.78794902	9.865293185	93.08458871												
5.58637084	67.3476246	27.55150554	10.78794902	9.889064975	92.77636159												
5.61014263	67.3476246	27.57527734	10.63383547	9.912836766	92.46813448												
5.63391442	67.1935111	27.59904913	10.47972191	9.936608557	92.15990736												
5.65768621	67.0393975	27.62282092	10.32560835	9.960380348	92.00579381												
5.681458	67.0393975	27.64659271	10.17149479	9.984152139	91.69756669												
5.70522979	66.8852839	27.6703645	10.01738124	10.00792393	91.38933958												
5.72900158	66.8852839	27.69413629	9.863267678	10.03169572	91.08111246												
5.75277338	66.8852839	27.71790808	9.70915412	10.05546751	90.77288535												
5.77654517	66.8852839	27.74167987	9.555040563	10.0792393	90.46465823												
5.80031696	67.0393975	27.76545166	9.400927005	10.10301109	90.31054467												
5.82408875	67.0393975	27.78922345	9.246813448	10.12678288	90.00231756												
5.84786054	67.1935111	27.81299524	8.938586333	10.15055467	89.69409044												
5.87163233	67.1935111	27.83676703	8.784472776	10.17432647	89.53997689												
5.89540412	67.3476246	27.86053883	8.784472776	10.19809826	89.23174977												
5.91917591	67.3476246	27.88431062	8.630359218	10.22187005	88.92352266												
5.9429477	67.3476246	27.90808241	8.476245661	10.24564184	88.61529554												
5.96671949	67.5017382	27.9318542	8.322132103	10.26941363	87.99884131												
5.99049128	67.5017382	27.95562599	8.168018546	10.29318542	87.38238708												
6.01426307	67.5017382	27.97939778	8.168018546	10.31695721	87.22827353												
6.03803486	67.5017382	28.00316957	8.168018546	10.340729	86.92004641												
6.06180666	67.6558517	28.02694136	8.168018546	10.36450079	86.6118193												
6.08557845	67.6558517	28.05071315	8.013904988	10.38827258	86.45770574												
6.10935024	67.6558517	28.07448494	8.013904988	10.41204437	86.30359218												
6.13312203	67.6558517	28.09825673	8.013904988	10.43581616	85.99536507												
6.15689382	67.6558517	28.12202852	8.013904988	10.45958795	85.84125151												
6.18066561	67.6558517	28.14580031	8.013904988	10.48335975	85.53302439												
6.2044374	67.8099653	28.16957211	7.859791431	10.50713154	85.37891084												
6.22820919	67.9640788	28.1933439	7.859791431	10.53090333	85.07068372												
6.25198098	68.1181924	28.21711569	7.859791431	10.55467512	84.91657016												
6.27575277	68.1181924	28.24088748	7.705677873	10.57844691	84.76245661												
6.29952456	68.272306	28.26465927	7.705677873	10.6022187	84.45422949												
6.32329635	68.4264195	28.28843106	7.551564316	10.62599049	84.30011593												
6.34706815	68.4264195	28.31220285	7.397450758	10.64976228	83.99188882												
6.37083994	68.5805331	28.33597464	7.243337201	10.67353407	83.52954815												
6.39461173	68.7346466	28.35974643	7.089223643	10.69730586	83.06720747												
6.41838352	68.8887602	28.38351822	7.089223643	10.72107765	83.06720747												
6.44215531	69.0428737	28.40729001	6.935110086	10.74484944	82.91309392												
6.4659271	69.0428737	28.4310618	6.780996528	10.76862124	82.75898036												
6.48969889	69.3511009	28.4548336	6.780996528	10.79239303	82.75898036												
6.51347068	69.5052144	28.47860539	6.626882971	10.81616482	82.75898036												
6.53724247	69.659328	28.50237718	6.626882971	10.83993661	82.75898036												
6.56101426	69.8134415	28.52614897	6.472769414	10.8637084	82.75898036												
6.58478605	69.9675551	28.54992076	6.472769414	10.88748019	82.75898036												
6.60855784	69.9675551	28.57369255	6.472769414	10.91125198	82.6048668												
6.63232963	70.2757822	28.59746434	6.472769414	10.93502377	82.6048668												
6.65610143	70.4298958	28.62123613	6.472769414	10.95879556	82.6048668												
6.67987322	70.7381229	28.64500792	6.318655856	10.98256735	82.6048668												
6.70364501	70.8922364	28.66877971	6.318655856	11.00633914	82.75898036												
6.7274168	71.3545771	28.6925515	6.318655856	11.03011093	82.75898036												
6.75118859	71.8169178	28.71632329	6.164542299	11.05388272	82.75898036												
6.77496038	72.2792585	28.74009508	6.164542299	11.07765452	82.75898036												
6.79873217	72.5874856	28.76386688	6.010428741														
6.82250396	72.7415991	28.78763867	5.702201626														
6.84627575	72.8957127	28.81141046	5.393974511														
6.87004754	73.2039398	28.83518225	5.239860954														
6.89381933	73.3580534	28.85895404	5.239860954														
6.91759112	73.6662805	28.88272583	5.085747396														
6.94136292	73.820394	28.90649762	5.085747396														
6.96513471	74.2827347	28.93026941	5.085747396														
6.9889065	74.7450754	28.9540412	4.931633839														
7.01267829	75.0533025	28.97781299	4.931633839														
7.03645008	75.207416	29.00158478	4.777520281														
7.06022187	75.3615296	29.02535657	4.777520281														
7.08399366	75.8238703	29.04912837	4.623406724														
7.10776545	76.2862109	29.07290016	4.469293166														
7.13153724	76.5944381	29.09667195	4.315179609														
7.15530903	76.7485516	29.12044374	4.315179609														
7.17908082	76.9026652	29.14421553	4.161066052														
7.20285261	77.2108923	29.16798732	4.006952494														
7.22662441	77.9814601	29.19175911	4.006952494														
7.2503962	78.7520279	29.2155309	3.852838937														
7.27416799	79.2143685	29.23930269	3.698725379														
7.29793978	79.3684821	29.26307448	3.544611822														
7.32171157	79.6767092	29.28684627	3.390498264														
7.34548336	79.8308228	29.31061806	3.236384707														
7.36925515	80.1390499	29.33438986	3.082271149														
7.39302694	80.2931634	29.35816165	2.928157592														
7.41679873	80.6013906	29.38193344	2.774044034														
7.44057052	80.9096177	29.40570523	2.619930477														
7.46434231	81.5260719	29.42947702	2.465816919														
7.4881141	82.1425261	29.45324881	2.311703362														
7.51188589	82.2966397	29.4770206	2.157589805														
7.53565769	82.6048668	29.50079239	2.003476247														
7.55942948	82.7589804	29.52456418	2.003476247														
7.58320127	83.0672075	29.54833597	1.84936269														
7.60697306	83.6836617	29.57210776	1.695249132														
7.63074485	84.4542295	29.59587955	1.695249132														
7.65451664	84.9165702	29.61965134	1.541135575														
7.67828843	85.2247973	29.64342314	1.387022017														
7.70206022	85.3789108	29.66719493	1.387022017														
7.72583201	85.8412515	29.69096672	1.23290846														
7.7496038	86.1494786	29.71473851	1.078794902														
7.77337559	86.6118193	29.7385103	1.078794902														
7.79714738	87.07416	29.76228209	1.078794902														
7.82091918	87.3823871	29.78605388	0.924681345														
7.84469097	87.8447278	29.80982567	0.924681345														
7.86846276	88.3070684	29.83359746	0.924681345														
7.89223455	88.7694091	29.85736925	0.770567787														
7.91600634	89.0776362	29.88114104	0.770567787														
7.93977813	89.5399769	29.90491283	0.61645423														
7.96354992	90.0023176	29.92868463	0.462340672														
7.98732171	90.3105447	29.95245642	0.462340672														
8.0110935	90.7728853	29.97622821	0.308227115														
8.03486529	91.0811125	30	0.154113557														
8.05863708	91.5434531																
8.08240887	91.8516802																
8.10618066	92.3140209																
8.12995246	92.622248																
8.15372425	92.9304752																
8.17749604	93.2387023																
8.20126783	93.3928158																
8.22503962	93.7010429																
8.24881141	93.8551565																
8.2725832	94.1633836																
8.29635499	94.4716107																
8.32012678	94.6257243																
8.34389857	94.7798378																
8.36767036	95.088065																
8.39144215	95.2421785																
8.41521395	95.3962921																
8.43898574	95.5504056																
8.46275753	95.7045192																
8.48652932	95.8586327																
8.51030111	96.0127463																
8.5340729	96.1668599																
8.55784469	96.3209734																
8.58161648	96.475087																
8.60538827	96.6292005																
8.62916006	96.7833141																
8.65293185	96.7833141																
8.67670364	96.9374276																
8.70047544	97.0915412																
8.72424723	97.0915412																
8.74801902	97.2456548																
8.77179081	97.2456548																
8.7955626	97.3997683																
8.81933439	97.3997683																
8.84310618	97.3997683																
8.86687797	97.5538819																
8.89064976	97.5538819																
8.91442155	97.5538819																
8.93819334	97.7079954																
8.96196513	97.7079954																
8.98573692	97.7079954																
9.00950872	97.7079954																
9.03328051	97.7079954																
9.0570523	97.862109																
9.08082409	97.862109																
9.10459588	97.862109																
9.12836767	97.862109																
9.15213946	97.862109																
9.17591125	97.7079954																
9.19968304	97.7079954																
9.22345483	97.7079954																
9.24722662	97.5538819																
9.27099841	97.5538819																
9.29477021	97.3997683																
9.318542	97.2456548																
9.34231379	97.0915412																
9.36608558	97.0915412																
9.38985737	96.9374276																
9.41362916	96.7833141																
9.43740095	96.7833141																
9.46117274	96.6292005																
9.48494453	96.475087																
9.50871632	96.475087																
9.53248811	96.3209734																
9.5562599	96.1668599																
9.58003169	96.0127463																
9.60380349	95.8586327																
9.62757528	95.5504056																
9.65134707	95.3962921																
9.67511886	95.088065																
9.69889065	94.7798378																
9.72266244	94.6257243																
9.74643423	94.4716107																
9.77020602	94.1633836																
9.79397781	93.8551565																
9.8177496	93.5469294																
9.84152139	93.2387023																
9.86529318	93.0845887																
9.88906498	92.7763616																
9.91283677	92.4681345																
9.93660856	92.1599074																
9.96038035	92.0057938																
9.98415214	91.6975667																
10.0079239	91.3893396																
10.0316957	91.0811125																
10.0554675	90.7728853																
10.0792393	90.4646582																
10.1030111	90.3105447																
10.1267829	90.0023176																
10.1505547	89.6940904																
10.1743265	89.5399769																
10.1980983	89.2317498																
10.22187	88.9235227																
10.2456418	88.6152955																
10.2694136	87.9988413																
10.2931854	87.3823871																
10.3169572	87.2282735																
10.340729	86.9200464																
10.3645008	86.6118193																
10.3882726	86.4577057																
10.4120444	86.3035922																
10.4358162	85.9953651																
10.459588	85.8412515																
10.4833597	85.5330244																
10.5071315	85.3789108																
10.5309033	85.0706837																
10.5546751	84.9165702																
10.5784469	84.7624566																
10.6022187	84.4542295																
10.6259905	84.3001159																
10.6497623	83.9918888																
10.6735341	83.5295481																
10.6973059	83.0672075																
10.7210777	83.0672075																
10.7448494	82.9130939																
10.7686212	82.7589804																
10.792393	82.7589804																
10.8161648	82.7589804																
10.8399366	82.7589804																
10.8637084	82.7589804																
10.8874802	82.7589804																
10.911252	82.6048668																
10.9350238	82.6048668																
10.9587956	82.6048668																
10.9825674	82.6048668																
11.0063391	82.7589804																
11.0301109	82.7589804																
11.0538827	82.7589804																
11.0776545	82.7589804																
11.1014263	82.9130939																
11.1251981	82.9130939																
11.1489699	82.9130939																
11.1727417	82.9130939																
11.1965135	82.9130939																
11.2202853	82.9130939																
11.2440571	82.9130939																
11.2678288	82.9130939																
11.2916006	82.7589804																
11.3153724	82.7589804																
11.3391442	82.6048668																
11.362916	82.4507532																
11.3866878	82.4507532																
11.4104596	82.2966397																
11.4342314	82.2966397																
11.4580032	82.2966397																
11.481775	82.2966397																
11.5055468	82.2966397																
11.5293185	82.2966397																
11.5530903	82.2966397																
11.5768621	82.2966397																
11.6006339	82.2966397																
11.6244057	82.4507532																
11.6481775	82.6048668																
11.6719493	82.7589804																
11.6957211	82.9130939																
11.7194929	83.0672075																
11.7432647	83.221321																
11.7670364	83.3754346																
11.7908082	83.5295481																
11.81458	83.6836617																
11.8383518	83.8377753																
11.8621236	83.9918888																
11.8858954	84.1460024																
11.9096672	84.3001159																
11.933439	84.4542295																
11.9572108	84.608343																
11.9809826	85.0706837																
12.0047544	85.3789108																
12.0285261	85.5330244																
12.0522979	85.8412515																
12.0760697	85.9953651																
12.0998415	86.1494786																
12.1236133	86.3035922																
12.1473851	86.3035922																
12.1711569	86.6118193																
12.1949287	86.6118193																
12.2187005	86.9200464																
12.2424723	87.2282735																
12.2662441	87.5365006																
12.2900158	87.9988413																
12.3137876	88.461182																
12.3375594	88.6152955																
12.3613312	88.9235227																
12.385103	89.0776362																
12.4088748	89.2317498																
12.4326466	89.3858633																
12.4564184	89.6940904																
12.4801902	90.0023176																
12.503962	90.4646582																
12.5277338	90.9269989																
12.5515055	91.235226																
12.5752773	91.5434531																
12.5990491	91.6975667																
12.6228209	91.8516802																
12.6465927	92.3140209																
12.6703645	92.7763616																
12.6941363	93.2387023																
12.7179081	93.7010429																
12.7416799	94.0092701																
12.7654517	94.3174972																
12.7892235	94.4716107																
12.8129952	94.7798378																
12.836767	95.088065																
12.8605388	95.3962921																
12.8843106	95.5504056																
12.9080824	95.8586327																
12.9318542	96.3209734																
12.955626	97.3997683																
12.9793978	98.1703361																
13.0031696	98.4785632																
13.0269414	98.7867903																
13.0507132	99.0950175																
13.0744849	99.4032446																
13.0982567	99.5573581																
13.1220285	99.8655852																
13.1458003	100.327926																
13.1695721	101.098494																
13.1933439	101.714948																
13.2171157	102.177289																
13.2408875	102.485516																
13.2646593	102.793743																
13.2884311	103.410197																
13.3122029	104.026651																
13.3359746	104.488992																
13.3597464	104.643106																
13.3835182	104.951333																
13.40729	105.105446																
13.4310618	105.413673																
13.4548336	106.030128																
13.4786054	106.492468																
13.5023772	106.800695																
13.526149	107.108922																
13.5499208	107.41715																
13.5736926	107.725377																
13.5974643	108.495944																
13.6212361	108.958285																
13.6450079	109.266512																
13.6687797	109.420626																
13.6925515	109.574739																
13.7163233	109.728853																
13.7400951	109.882966																
13.7638669	110.03708																
13.7876387	110.499421																
13.8114105	110.807648																
13.8351822	111.115875																
13.858954	111.269988																
13.8827258	111.578216																
13.9064976	111.886443																
13.9302694	112.040556																
13.9540412	112.502897																
13.977813	112.811124																
14.0015848	112.965238																
14.0253566	113.119351																
14.0491284	113.273465																
14.0729002	113.427578																
14.0966719	113.581692																
14.1204437	113.735805																
14.1442155	113.735805																
14.1679873	113.889919																
14.1917591	114.198146																
14.2155309	114.35226																
14.2393027	114.506373																
14.2630745	114.660487																
14.2868463	114.660487																
14.3106181	114.8146																
14.3343899	114.968714																
14.3581616	114.968714																
14.3819334	115.122827																
14.4057052	115.122827																
14.429477	115.122827																
14.4532488	115.122827																
14.4770206	115.122827																
14.5007924	114.968714																
14.5245642	114.968714																
14.548336	114.968714																
14.5721078	114.8146																
14.5958796	114.8146																
14.6196513	114.660487																
14.6434231	114.660487																
14.6671949	114.506373																
14.6909667	114.35226																
14.7147385	114.198146																
14.7385103	114.044033																
14.7622821	113.735805																
14.7860539	112.965238																
14.8098257	112.19467																
14.8335975	111.578216																
14.8573693	111.115875																
14.881141	110.807648																
14.9049128	110.499421																
14.9286846	110.03708																
14.9524564	109.728853																
14.9762282	109.112399																
15	107.87949																
15.0237718	107.725377																
15.0475436	107.41715																
15.0713154	107.263036																
15.0950872	107.108922																
15.118859	106.800695																
15.1426307	106.492468																
15.1664025	106.184241																
15.1901743	105.7219																
15.2139461	105.105446																
15.2377179	104.797219																
15.2614897	104.643106																
15.2852615	104.334878																
15.3090333	104.026651																
15.3328051	103.718424																
15.3565769	103.256084																
15.3803487	102.947856																
15.4041204	102.639629																
15.4278922	102.485516																
15.451664	102.331402																
15.4754358	102.331402																
15.4992076	102.177289																
15.5229794	102.023175																
15.5467512	102.023175																
15.570523	101.869061																
15.5942948	101.869061																
15.6180666	101.714948																
15.6418384	101.714948																
15.6656101	102.023175																
15.6893819	102.177289																
15.7131537	102.331402																
15.7369255	102.639629																
15.7606973	103.256084																
15.7844691	103.872538																
15.8082409	104.180765																
15.8320127	104.488992																
15.8557845	104.797219																
15.8795563	105.105446																
15.903328	105.25956																
15.9270998	105.567787																
15.9508716	105.7219																
15.9746434	106.184241																
15.9984152	107.41715																
16.022187	108.341831																
16.0459588	108.958285																
16.0697306	109.266512																
16.0935024	109.574739																
16.1172742	111.886443																
16.141046	112.502897																
16.1648177	112.811124																
16.1885895	112.965238																
16.2123613	113.427578																
16.2361331	113.735805																
16.2599049	114.044033																
16.2836767	114.506373																
16.3074485	115.276941																
16.3312203	116.047509																
16.3549921	116.355736																
16.3787639	118.205099																
16.4025357	118.821553																
16.4263074	119.12978																
16.4500792	119.746234																
16.473851	121.903824																
16.4976228	122.520278																
16.5213946	122.982619																
16.5451664	123.290846																
16.5689382	123.599073																
16.59271	123.9073																
16.6164818	124.215527																
16.6402536	124.523754																
16.6640254	124.986095																
16.6877971	125.448436																
16.7115689	125.910776																
16.7353407	126.681344																
16.7591125	127.143685																
16.7828843	127.451912																
16.8066561	127.760139																
16.8304279	128.068366																
16.8541997	128.376593																
16.8779715	128.530707																
16.9017433	128.838934																
16.9255151	128.993048																
16.9492868	129.301275																
16.9730586	129.455388																
16.9968304	129.609502																
17.0206022	129.763615																
17.044374	129.917729																
17.0681458	130.225956																
17.0919176	130.38007																
17.1156894	130.688297																
17.1394612	131.150637																
17.163233	131.458865																
17.1870048	131.612978																
17.2107765	131.767092																
17.2345483	131.921205																
17.2583201	132.075319																
17.2820919	132.229432																
17.3058637	132.383546																
17.3296355	132.537659																
17.3534073	132.691773																
17.3771791	132.691773																
17.4009509	132.845887																
17.4247227	132.845887																
17.4484945	132.845887																
17.4722662	133																
17.496038	133																
17.5198098	133																
17.5435816	133																
17.5673534	133																
17.5911252	133																
17.614897	133																
17.6386688	132.845887																
17.6624406	132.845887																
17.6862124	132.537659																
17.7099842	131.921205																
17.7337559	131.304751																
17.7575277	130.84241																
17.7812995	130.38007																
17.8050713	129.763615																
17.8288431	123.290846																
17.8526149	117.896871																
17.8763867	116.818077																
17.9001585	112.965238																
17.9239303	112.040556																
17.9477021	111.424102																
17.9714738	110.653534																
17.9952456	107.725377																
18.0190174	107.263036																
18.0427892	105.413673																
18.066561	104.797219																
18.0903328	103.10197																
18.1141046	102.793743																
18.1378764	102.485516																
18.1616482	95.5504056																
18.18542	95.088065																
18.2091918	93.3928158																
18.2329635	92.7763616																
18.2567353	90.9269989																
18.2805071	90.6187718																
18.3042789	90.1564311																
18.3280507	89.6940904																
18.3518225	89.3858633																
18.3755943	89.2317498																
18.3993661	89.0776362																
18.4231379	89.0776362																
18.4469097	88.9235227																
18.4706815	88.9235227																
18.4944532	88.7694091																
18.518225	88.7694091																
18.5419968	88.7694091																
18.5657686	88.7694091																
18.5895404	88.7694091																
18.6133122	88.7694091																
18.637084	88.7694091																
18.6608558	88.7694091																
18.6846276	88.7694091																
18.7083994	88.9235227																
18.7321712	88.9235227																
18.7559429	89.0776362																
18.7797147	89.2317498																
18.8034865	89.2317498																
18.8272583	89.3858633																
18.8510301	89.5399769																
18.8748019	89.5399769																
18.8985737	89.6940904																
18.9223455	89.848204																
18.9461173	89.848204																
18.9698891	90.0023176																
18.9936609	90.1564311																
19.0174326	90.3105447																
19.0412044	90.4646582																
19.0649762	90.6187718																
19.088748	90.7728853																
19.1125198	90.9269989																
19.1362916	91.0811125																
19.1600634	91.235226																
19.1838352	91.3893396																
19.207607	91.5434531																
19.2313788	91.8516802																
19.2551506	92.0057938																
19.2789223	92.3140209																
19.3026941	92.622248																
19.3264659	92.9304752																
19.3502377	93.2387023																
19.3740095	93.5469294																
19.3977813	93.7010429																
19.4215531	93.8551565																
19.4453249	94.1633836																
19.4690967	94.3174972																
19.4928685	94.4716107																
19.5166403	94.6257243																
19.540412	94.7798378																
19.5641838	94.9339514																
19.5879556	95.2421785																
19.6117274	95.3962921																
19.6354992	95.7045192																
19.659271	96.1668599																
19.6830428	96.475087																
19.7068146	96.7833141																
19.7305864	97.2456548																
19.7543582	97.5538819																
19.77813	97.862109																
19.8019017	98.0162225																
19.8256735	98.3244497																
19.8494453	98.4785632																
19.8732171	98.6326768																
19.8969889	98.7867903																
19.9207607	98.9409039																
19.9445325	99.0950175																
19.9683043	99.249131																
19.9920761	99.4032446																
20.0158479	99.4032446																
20.0396196	99.5573581																
20.0633914	99.7114717																
20.0871632	99.7114717																
20.110935	99.8655852																
20.1347068	100.019699																
20.1584786	100.173812																
20.1822504	100.327926																
20.2060222	100.482039																
20.229794	100.636153																
20.2535658	100.790267																
20.2773376	100.94438																
20.3011093	100.94438																
20.3248811	101.098494																
20.3486529	101.252607																
20.3724247	101.252607																
20.3961965	101.406721																
20.4199683	101.406721																
20.4437401	101.560834																
20.4675119	101.714948																
20.4912837	101.714948																
20.5150555	101.869061																
20.5388273	101.869061																
20.562599	101.869061																
20.5863708	102.023175																
20.6101426	102.023175																
20.6339144	102.023175																
20.6576862	102.023175																
20.681458	102.023175																
20.7052298	102.023175																
20.7290016	102.023175																
20.7527734	102.023175																
20.7765452	102.023175																
20.800317	102.023175																
20.8240887	102.023175																
20.8478605	101.869061																
20.8716323	101.869061																
20.8954041	101.714948																
20.9191759	101.560834																
20.9429477	101.560834																
20.9667195	101.406721																
20.9904913	101.252607																
21.0142631	101.098494																
21.0380349	101.098494																
21.0618067	100.790267																
21.0855784	100.636153																
21.1093502	100.482039																
21.133122	100.019699																
21.1568938	99.4032446																
21.1806656	98.7867903																
21.2044374	98.1703361																
21.2282092	97.7079954																
21.251981	97.2456548																
21.2757528	96.6292005																
21.2995246	95.088065																
21.3232964	94.4716107																
21.3470681	89.6940904																
21.3708399	88.9235227																
21.3946117	87.2282735																
21.4183835	86.9200464																
21.4421553	86.4577057																
21.4659271	85.9953651																
21.4896989	85.687138																
21.5134707	85.5330244																
21.5372425	85.2247973																
21.5610143	85.0706837																
21.5847861	84.7624566																
21.6085578	84.3001159																
21.6323296	83.6836617																
21.6561014	83.3754346																
21.6798732	82.6048668																
21.703645	66.2688297																
21.7274168	65.6523755																
21.7511886	59.1796061																
21.7749604	57.9466976																
21.7987322	57.0220163																
21.822504	56.2514485																
21.8462758	55.7891078																
21.8700475	55.3267671																
21.8938193	54.8644265																
21.9175911	52.244496																
21.9413629	51.7821553																
21.9651347	50.0869062																
21.9889065	49.6245655																
22.0126783	48.391657																
22.0364501	48.0834299																
22.0602219	47.9293164																
22.0839937	47.6210893																
22.1077654	47.1587486																
22.1315372	46.3881808																
22.155309	45.9258401																
22.1790808	45.617613																
22.2028526	45.4634995																
22.2266244	45.3093859																
22.2503962	45.0011588																
22.274168	44.8470452																
22.2979398	44.6929317																
22.3217116	44.3847045																
22.3454834	44.230591																
22.3692551	43.9223639																
22.3930269	43.6141368																
22.4167987	43.3059096																
22.4405705	42.6894554																
22.4643423	42.0730012																
22.4881141	41.9188876																
22.5118859	41.6106605																
22.5356577	41.456547																
22.5594295	41.3024334																
22.5832013	41.1483198																
22.6069731	40.9942063																
22.6307448	40.6859792																
22.6545166	40.5318656																
22.6782884	40.0695249																
22.7020602	39.6071843																
22.725832	39.4530707																
22.7496038	39.2989572																
22.7733756	39.1448436																
22.7971474	38.99073																
22.8209192	38.8366165																
22.844691	38.6825029																
22.8684628	38.5283894																
22.8922345	38.3742758																
22.9160063	38.2201623																
22.9397781	38.0660487																
22.9635499	37.9119351																
22.9873217	37.7578216																
23.0110935	37.603708																
23.0348653	37.4495945																
23.0586371	37.2954809																
23.0824089	37.1413673																
23.1061807	36.9872538																
23.1299525	36.9872538																
23.1537242	36.9872538																
23.177496	36.9872538																
23.2012678	36.8331402																
23.2250396	36.8331402																
23.2488114	36.6790267																
23.2725832	36.6790267																
23.296355	36.5249131																
23.3201268	36.3707996																
23.3438986	36.216686																
23.3676704	36.0625724																
23.3914422	36.0625724																
23.4152139	35.7543453																
23.4389857	35.6002318																
23.4627575	35.4461182																
23.4865293	35.2920047																
23.5103011	35.1378911																
23.5340729	34.829664																
23.5578447	34.6755504																
23.5816165	34.2132098																
23.6053883	33.7508691																
23.6291601	33.5967555																
23.6529319	33.442642																
23.6767036	33.2885284																
23.7004754	33.1344149																
23.7242472	32.9803013																
23.748019	32.8261877																
23.7717908	32.6720742																
23.7955626	32.3638471																
23.8193344	32.05562																
23.8431062	31.5932793																
23.866878	31.1309386																
23.8906498	30.9768251																
23.9144216	30.6685979																
23.9381933	30.5144844																
23.9619651	30.3603708																
23.9857369	30.2062573																
24.0095087	30.0521437																
24.0332805	29.8980301																
24.0570523	29.7439166																
24.0808241	29.589803																
24.1045959	29.4356895																
24.1283677	29.2815759																
24.1521395	29.1274624																
24.1759113	28.9733488																
24.199683	28.8192352																
24.2234548	28.6651217																
24.2472266	28.5110081																
24.2709984	28.3568946																
24.2947702	28.202781																
24.318542	28.0486675																
24.3423138	27.8945539																
24.3660856	27.7404403																
24.3898574	27.5863268																
24.4136292	27.4322132																
24.4374009	27.2780997																
24.4611727	26.9698726																
24.4849445	26.5075319																
24.5087163	26.0451912																
24.5324881	25.8910777																
24.5562599	25.7369641																
24.5800317	25.7369641																
24.6038035	25.5828505																
24.6275753	25.5828505																
24.6513471	25.428737																
24.6751189	25.428737																
24.6988906	25.2746234																
24.7226624	25.1205099																
24.7464342	24.9663963																
24.770206	24.9663963																
24.7939778	24.6581692																
24.8177496	24.5040556																
24.8415214	24.1958285																
24.8652932	23.7334878																
24.889065	23.2711472																
24.9128368	23.1170336																
24.9366086	23.1170336																
24.9603803	22.9629201																
24.9841521	22.9629201																
25.0079239	22.8088065																
25.0316957	22.6546929																
25.0554675	22.5005794																
25.0792393	22.3464658																
25.1030111	22.1923523																
25.1267829	22.0382387																
25.1505547	21.8841252																
25.1743265	21.8841252																
25.1980983	21.8841252																
25.22187	21.7300116																
25.2456418	21.7300116																
25.2694136	21.7300116																
25.2931854	21.575898																
25.3169572	21.4217845																
25.340729	21.4217845																
25.3645008	21.2676709																
25.3882726	21.1135574																
25.4120444	20.9594438																
25.4358162	20.9594438																
25.459588	20.8053303																
25.4833597	20.8053303																
25.5071315	20.6512167																
25.5309033	20.6512167																
25.5546751	20.6512167																
25.5784469	20.4971031																
25.6022187	20.4971031																
25.6259905	20.4971031																
25.6497623	20.3429896																
25.6735341	20.3429896																
25.6973059	20.3429896																
25.7210777	20.188876																
25.7448494	20.0347625																
25.7686212	20.0347625																
25.792393	19.8806489																
25.8161648	19.7265354																
25.8399366	19.5724218																
25.8637084	19.5724218																
25.8874802	19.4183082																
25.911252	19.2641947																
25.9350238	19.1100811																
25.9587956	19.1100811																
25.9825674	18.9559676																
26.0063391	18.801854																
26.0301109	18.801854																
26.0538827	18.801854																
26.0776545	18.801854																
26.1014263	18.6477405																
26.1251981	18.6477405																
26.1489699	18.4936269																
26.1727417	18.3395133																
26.1965135	18.3395133																
26.2202853	18.1853998																
26.2440571	18.0312862																
26.2678288	18.0312862																
26.2916006	17.8771727																
26.3153724	17.7230591																
26.3391442	17.7230591																
26.362916	17.5689456																
26.3866878	17.414832																
26.4104596	17.414832																
26.4342314	17.2607184																
26.4580032	17.2607184																
26.481775	17.1066049																
26.5055467	16.9524913																
26.5293185	16.9524913																
26.5530903	16.7983778																
26.5768621	16.6442642																
26.6006339	16.6442642																
26.6244057	16.4901506																
26.6481775	16.3360371																
26.6719493	16.1819235																
26.6957211	15.8736964																
26.7194929	15.7195829																
26.7432647	15.4113557																
26.7670364	15.2572422																
26.7908082	15.2572422																
26.81458	15.1031286																
26.8383518	15.1031286																
26.8621236	14.9490151																
26.8858954	14.7949015																
26.9096672	14.640788																
26.933439	14.4866744																
26.9572108	14.3325608																
26.9809826	14.1784473																
27.0047544	14.0243337																
27.0285261	13.7161066																
27.0522979	13.5619931																
27.0760697	13.2537659																
27.0998415	13.0996524																
27.1236133	13.0996524																
27.1473851	12.9455388																
27.1711569	12.7914253																
27.1949287	12.7914253																
27.2187005	12.6373117																
27.2424723	12.6373117																
27.2662441	12.4831982																
27.2900158	12.4831982																
27.3137876	12.3290846																
27.3375594	12.174971																
27.3613312	11.8667439																
27.385103	11.7126304																
27.4088748	11.4044033																
27.4326466	11.2502897																
27.4564184	11.0961761																
27.4801902	11.0961761																
27.503962	10.9420626																
27.5277338	10.787949																
27.5515055	10.787949																
27.5752773	10.6338355																
27.5990491	10.4797219																
27.6228209	10.3256084																
27.6465927	10.1714948																
27.6703645	10.0173812																
27.6941363	9.86326768																
27.7179081	9.70915412																
27.7416799	9.55504056																
27.7654517	9.40092701																
27.7892235	9.24681345																
27.8129952	8.93858633																
27.836767	8.78447278																
27.8605388	8.78447278																
27.8843106	8.63035922																
27.9080824	8.47624566																
27.9318542	8.3221321																
27.955626	8.16801855																
27.9793978	8.16801855																
28.0031696	8.16801855																
28.0269414	8.16801855																
28.0507132	8.01390499																
28.0744849	8.01390499																
28.0982567	8.01390499																
28.1220285	8.01390499																
28.1458003	8.01390499																
28.1695721	7.85979143																
28.1933439	7.85979143																
28.2171157	7.85979143																
28.2408875	7.70567787																
28.2646593	7.70567787																
28.2884311	7.55156432																
28.3122029	7.39745076																
28.3359746	7.2433372																
28.3597464	7.08922364																
28.3835182	7.08922364																
28.40729	6.93511009																
28.4310618	6.78099653																
28.4548336	6.78099653																
28.4786054	6.62688297																
28.5023772	6.62688297																
28.526149	6.47276941																
28.5499208	6.47276941																
28.5736925	6.47276941																
28.5974643	6.47276941																
28.6212361	6.47276941																
28.6450079	6.31865586																
28.6687797	6.31865586																
28.6925515	6.31865586																
28.7163233	6.1645423																
28.7400951	6.1645423																
28.7638669	6.01042874																
28.7876387	5.70220163																
28.8114105	5.39397451																
28.8351822	5.23986095																
28.858954	5.23986095																
28.8827258	5.0857474																
28.9064976	5.0857474																
28.9302694	5.0857474																
28.9540412	4.93163384																
28.977813	4.93163384																
29.0015848	4.77752028																
29.0253566	4.77752028																
29.0491284	4.62340672																
29.0729002	4.46929317																
29.0966719	4.31517961																
29.1204437	4.31517961																
29.1442155	4.16106605																
29.1679873	4.00695249																
29.1917591	4.00695249																
29.2155309	3.85283894																
29.2393027	3.69872538																
29.2630745	3.54461182																
29.2868463	3.39049826																
29.3106181	3.23638471																
29.3343899	3.08227115																
29.3581616	2.92815759																
29.3819334	2.77404403																
29.4057052	2.61993048																
29.429477	2.46581692																
29.4532488	2.31170336																
29.4770206	2.1575898																
29.5007924	2.00347625																
29.5245642	2.00347625																
29.548336	1.84936269																
29.5721078	1.69524913																
29.5958796	1.69524913																
29.6196513	1.54113557																
29.6434231	1.38702202																
29.6671949	1.38702202																
29.6909667	1.23290846																
29.7147385	1.0787949																
29.7385103	1.0787949																
29.7622821	1.0787949																
29.7860539	0.92468134																
29.8098257	0.92468134																
29.8335975	0.92468134																
29.8573693	0.77056779																
29.881141	0.77056779																
29.9049128	0.61645423																
29.9286846	0.46234067																
29.9524564	0.46234067																
29.9762282	0.30822711																
30	0.15411356																